76
78
14 18 12
5
20
25 29 33 22
22 26 30 34 25
13 17 21 23
11
22
5 9 13 17 21 25 29 33 37 41 45 49 53 57 59
73 12
51
47
52 28
25 29 24
2
7
47 51 12
38 42 11
52 39
35 39 32
20
44 44
61
58
6 10 14 18 22 26 30 34 38 42 46 50 54 55
7
70
38 17
34 29
62 30
54 46
3 7 11 15 19 23 27 31 35 39 43 47 51 55 59 63 67 71 75 79 83 87 91 95 99 103 107 111 115 119 123 127 131 135 139 143 147 151 155 159 163 167 170
35 15
54
16 20 24 28 20
14
4
5
34
69 19
12 16 20 24 28 32 36 38
53 16
13 17 21 19
8
82
57
12 16 20 24 28 32 36 40 34
43
61
36 40 36
27
3
12 16 20 24 23
14 18 22 26 30 27
35
8
76
18
45
6 10 14 18 22 26 30 34 35
33
82
44 26
6
37 41 29
31 17
2
25 25
31
82
26 30 34 25
94
38 33
55
27
2
28
11
25 29 33 29
36 15
34
84
3
79 12
53 22
43 47 19
65 19
6
19
25
34
38
17 21 25 29 33 30
59 24
5 9 13 17 21 25 29 31
31 35 34
51 51
45
28 32 15
49
15 19 23 18
36
33
18
49 14
92 10
6
45 49 10
51
8
18
17
11
15 19 23 21
27
52
46 16
55 39
6
24 28 20
46
39 43 24
25 29 33 28
65 26
43 8
48 30
49
52 37
14
20 24 15
3
9 13 17 21 25 29 33 37 39
50
4
24 14
12 16 20 24 28 32 31
19 23 27 23
14
5 9 13 17 21 23
39 33
15 19 23 27 22
14
89 13
74
15 19 23 27 18
57 36
68 16
57
71
68 30
69 11
69 10
40
27
57 23
75 9
50
79 10
76
15
55 26
14
28
21 25 29 17
34
66
6
6
82 7
83
26
29
8
12
56 15
43 47 10
40 41
60
8
21 17
17 21 25 29 30
2
29
53 17
61 41
55
17 21 25 29 25
40 44 14
12 16 20 24 28 32 36 40
15
12
20 17
27 31 23
62
30
17 21 25 29 20
15 19 23 27 31 35
39
42 33
61
62 39
35
3 7 11 15 19 23 27 31 35 39 43 47 51 55 59 63 67 71 75 79 83 87 90
41
40 44 12
8 12 16 20 24 28 32 36 40 39
50
20
27 6
88 6
4
26
7 11 15 19 23 27
78
69 32
23
74
18
40 14
41 41
49 51
61 26
30 31
47 50
46
10 14 18 22 26 30 34 38 40
33 37 15
22
20
21
7
45 34
5 9 13 17 21 25 29 33 37 41 45 49 53 57 61 62
25
46 49
5 9 13 17 21 25 29 33 37 41 45 49 53 57 61 65 69 73 74
27 31 28
37 8
51
7
20
36 40 27
57 13
22 26 30 34 23
4
29 33 19
19
24 28 32 36 22
52
68 15
15
10 14 17
71 11
7 11 15 19 23 27 31 31
57
3 7 11 15 19 23 27 31 35 39 43 47 51 55 59 63 67
40
30 9
56
7
15
81
23 27 31 14
18 13
63
36
17
3 7 11 15 19 23 27 31 35 39 43 47 51 55 59 63 67 71 75 79 83 87 91 95 99
72 13
29
2
42
7
4 8 12 16 20 24 28 32 36 40 44 48 52 56 60 64 68 72 76 80 84 88 92 96 100 104 108 112 116 120 124 128 132
9
61 20
11
15
60 28
41 19
4
81
27
36
35 16
13 17 21 20
58
56
6 7
15 19 23 27 31 35 31
19 23 27 31 21
5
68
31 23
22
62 35
8
60
39 22
14 18 20
2 6 10 14 18 22 26 30 34 38 42 46 50 54 58 62 66 70 74 78 82 86 90 94 98 102 106 110 114 118 122 126 130 134 138 142 146 150 154 158 162 166 170 174 178 182 186
68 14
74
62
88 7
21 25 12
48 22
10 14 18 22 26 30 34
12
34 29
57
69
16 20 24 28 32 36 30
89 10
58
79
3 7 11 15 19 23 27 31 35 39 43 47 51 55 59 63 67 71 75 79 83 87 91 95 99 103 107 111 115 119 123 127 131 135 139 143 147 151 155 159 163 167 171 175 179 183 187 191 194
44 34
20
15 15
20 24 28 14
43 47
67 29
30
73 27
12 16 10
44
23 7
2
16
35
37 34
59 23
28
49
71
65
10
15 19 23 27 31 35 31
15
12
15
16
47 15
14
86
6
19
24 28 32 14
8 12 16 20 24 28 26
56 46
29 16
51 44
63
11 15 19 23 19
42 46
92 8
5 9 13 17 21 25 29 33 37 41 44
10 12
74
33 37 37
6
13
7 11 15 19 23 26
52
26 30 15
21 25 29 28
64 32
56
82 16
5
21
6 10 14 18 22 26 30 34 38 38
37
7
60 23
9
48
21 25 29
47 25
5
27
24
2 6 10 14 18 22 26 30 34 38 42 46 50 54 58 62 66 70 74 78 82 86 90 94 98 102 106 110 114 118 122 126 130 134 138 142 146 150 154 158 162 166 170 174 178 182 186 190 194 198 4195153 -163754450 -163754450 6 10 14 18 22 26 30 34 38 42 46 50 54 58 62 66 70 74 78 82 86 90 94 98 102
27
37
32 36 36
8 12 16 20 24 28
41 15
54 14
4 8 12 16 20 24 28 32 36 40 44 48 52 56 60 64 68 72 76 80 84 88 92 96 100 104 108 112 116 120 123
16
35
76 26
71 14
37 24
56
50 9
58 20
10
25 8
15 9
4 8 12 16 20 24 28 32 36 40 44 46
24
18
2
50
39 43 16
21
28 32 35
64
19
45 49 12
59 45
18 22 26 26
79
20
5
52 35
28
70
46 50 14
24
55 39
24
35
30 23
6 10 14 18 22 26 30 34 38 42 46 50 54 58 62 66 70 70
38 42 12
2
27 31 12
37 41 24
87
47
15
10
39
20 24 28 22
19
40
47
44
56 14
58 26
45 19
27
19 23 27 31 30
79 13
46
43
62 23
54
55
2
39
28 10
92
19
8 12 16 20 24 28 32 36 40 44 45
70
2 6 10 14 18 22 26 30 34 38 42 46 50 54 58 62 66 70 74 78 82 86 90 94 98 102 106 110 114 118 122 126 130 134 138 142 146 150 154 158 162 166 170 174 178 182 186 190 194 198 4195153 -163754450 -163754450 6 10 14 18 22 26 30 34 38 42 46 50 54 58 62 66 70 74 78 82 86 90 94 98 102 106 110 114 118 122 126 130 134 138 142 146 150 154
31 14
60 14
16
17
70
54 21
9 13 17 21 25 29 33 37 41 45 45
10 14 12
12 16 20 24
39 25
44
30 34 38 24
54 33
50 25
47 29
59 30
23
59 45
21
6 10 14 18 22 26 30 34 38 42 46 50 54 58 62 66 70 74 78
23
2
66 24
33
32
20 24 28 32 20
40
16 20 24 28 30
12 16 20 24 28 24
71
38 15
42 34
14 18 22 26 30 28
36
49
71 28
12 16 20 24 28 27
